()()()()()()()()()()()()()()()()()()()()()()()()()()()()()()()()()()()()()()()()()()()()()()()()()()
Inverting RT
max_val: 2.130239486694336
original RT matrix:
[[-0.21858989 -0.7180335   0.69643426 -1.1086317 ]
 [-0.02434482 -0.70883894 -0.738464    0.57361877]
 [ 1.         -0.1742114   0.1342557   0.16830008]
 [ 0.          0.          0.          1.        ]]

original rotation matrix:
[[-0.21858989 -0.7180335   0.69643426]
 [-0.02434482 -0.70883894 -0.738464  ]
 [ 1.         -0.1742114   0.1342557 ]]

registered original rotation matrix:
[[-0.20425269 -0.70557803  0.67855765]
 [-0.02798343 -0.68867923 -0.72452595]
 [ 0.97851815 -0.16697474  0.12092009]]

det(registed_original_rotation_matrix) = 1.0000000000000004

constructed quaternion:
[ 0.58384639 -0.31410721  0.70955127  0.23874054]

reconstructed rotation matrix:
[[-0.20425269 -0.70557803  0.67855765]
 [-0.02798343 -0.68867923 -0.72452595]
 [ 0.97851815 -0.16697474  0.12092009]]

div_matrix (rot2 / rot1):
[[0.93441051 0.98265337 0.97433123]
 [1.14946097 0.97155953 0.98112562]
 [0.97851815 0.95846048 0.90067004]]

factors - x: 1.0207965420983969 y: 0.9708911262222196 z: 0.9520422970562645

original translation matrix:
[[-1.1086317 ]
 [ 0.57361877]
 [ 0.16830008]]

error-corrected translation_matrix:
[[-1.08604573]
 [ 0.59081678]
 [ 0.17677794]]

[[-0.20425269 -0.70557803  0.67855765 -1.08604573]
 [-0.02798343 -0.68867923 -0.72452595  0.59081678]
 [ 0.97851815 -0.16697474  0.12092009  0.17677794]
 [ 0.          0.          0.          1.        ]]

perfect_projected_axes:
[[124  62]
 [195  53]
 [103  -8]
 [125  29]]

projected_axes:
[[128  72]
 [199  63]
 [107   2]
 [129  39]]

diff_axes: 
[[ 4 10]
 [ 4 10]
 [ 4 10]
 [ 4 10]]

()()()()()()()()()()()()()()()()()()()()()()()()()()()()()()()()()()()()()()()()()()()()()()()()()()
Inverting RT
max_val: 1.0
original RT matrix:
[[-0.20425269 -0.70557803  0.67855765 -1.08604573]
 [-0.02798343 -0.68867923 -0.72452595  0.59081678]
 [ 0.97851815 -0.16697474  0.12092009  0.17677794]
 [ 0.          0.          0.          1.        ]]

original rotation matrix:
[[-0.20425269 -0.70557803  0.67855765]
 [-0.02798343 -0.68867923 -0.72452595]
 [ 0.97851815 -0.16697474  0.12092009]]

registered original rotation matrix:
[[-0.20425269 -0.70557803  0.67855765]
 [-0.02798343 -0.68867923 -0.72452595]
 [ 0.97851815 -0.16697474  0.12092009]]

det(registed_original_rotation_matrix) = 0.9999999999999999

constructed quaternion:
[ 0.58384639 -0.31410721  0.70955127  0.23874054]

reconstructed rotation matrix:
[[-0.20425269 -0.70557803  0.67855765]
 [-0.02798343 -0.68867923 -0.72452595]
 [ 0.97851815 -0.16697474  0.12092009]]

div_matrix (rot2 / rot1):
[[1. 1. 1.]
 [1. 1. 1.]
 [1. 1. 1.]]

factors - x: 1.0000000000000004 y: 0.9999999999999999 z: 0.9999999999999997

original translation matrix:
[[-1.08604573]
 [ 0.59081678]
 [ 0.17677794]]

error-corrected translation_matrix:
[[-1.08604573]
 [ 0.59081678]
 [ 0.17677794]]

[[-0.20425269 -0.70557803  0.67855765 -1.08604573]
 [-0.02798343 -0.68867923 -0.72452595  0.59081678]
 [ 0.97851815 -0.16697474  0.12092009  0.17677794]
 [ 0.          0.          0.          1.        ]]

perfect_projected_axes:
[[124  62]
 [195  53]
 [103  -8]
 [125  29]]

projected_axes:
[[128  72]
 [278  53]
 [ 78 -94]
 [131   7]]

diff_axes:
[[  4  10]
 [ 83   0]
 [-25 -86]
 [  6 -22]]